-85
-97
-26
-15
25
-98
26
5
59
16
-99
76
26
106
-118
46
-58
-70
-66
125
55
-125
111
-117
58
94
52
-99
-51
49
104
63
124
115
-13
112
-66
16
-107
-17
-108
83
84
105
-25
-123
-115
-60
-103
-27
-52
-120
106
28
-22
93
13
71
-65
-28
-6
-45
89
49
119
83
-96
23
22
-53
-41
102
6
83
111
121
1
-33
55
-18
-83
109
-117
6
-44
7
52
12
-126
-30
-5
-88
44
-13
-39
-55
76
50
-66
-32
-8
122
-111
-119
73
-13
55
31
-67
66
-26
-48
-52
-76
66
-77
69
44
-89
-95
-127
-73
-78
-108
34
-105
-49
59
-121
-89
82
43
-38
59
124
79
-69
87
-28
118
91
76
21
-61
3
-63
-48
-13
-43
45
